     1    128     96


 1

     1      6    -4.3317134390   0.013145005018       1.6826  AAAAAA
     2      1    -7.4786143439   0.000565039824       0.0723  AAAAAD
     3      1    -6.0240035901   0.002419961640       0.3098  AAAAAS
     4      1   -10.8892854663   0.000018657069       0.0024  AAAAEK
     5      1    -7.5991022568   0.000500900912       0.0641  AAAAGA
     6      1    -6.9007924802   0.001006987095       0.1289  AAAATA
     7      1   -10.7632467311   0.000021163200       0.0027  AAAQAS
     8      1   -14.5563808728   0.000000476699       0.0001  ATATAD
     9      8    -4.7558354496   0.008601355692       1.1010  CCCCCC
    10      2    -4.4360766321   0.011842309231       1.5158  DDDDDD
    11      1    -6.4880788645   0.001521469151       0.1947  DDDDED
    12      1    -9.9632767059   0.000047098156       0.0060  DDDDSN
    13      1   -14.0078241611   0.000000825048       0.0001  DDDQKD
    14      1    -8.5459345157   0.000194333556       0.0249  DDDSDD
    15      1   -11.3999233923   0.000011196343       0.0014  DNNNDN
    16      2    -4.1126037233   0.016365108790       2.0947  EEEEEE
    17      1    -7.6789818680   0.000462445490       0.0592  EEEEES
    18      1   -19.0384608905   0.000000005391       0.0000  EQRQEG
    19      1   -17.6889043593   0.000000020788       0.0000  EQRQKR
    20      1    -4.1403609962   0.015917104453       2.0374  FFFFFF
    21      1    -7.1370004505   0.000795133565       0.1018  FFFYFF
    22      1   -19.4903903089   0.000000003431       0.0000  GDGNSN
    23      1    -6.4999119908   0.001503571515       0.1925  GGGGGE
    24      4    -3.5563829445   0.028541875779       3.6534  GGGGGG
    25      1    -7.1182577253   0.000810177073       0.1037  GGGGGN
    26      1    -8.8252767475   0.000146970783       0.0188  GGGGSA
    27      1   -11.1293085913   0.000014675831       0.0019  GGGGTN
    28      1   -10.5379436825   0.000026511189       0.0034  GGGNGS
    29      1   -13.7658525749   0.000001050912       0.0001  GGGRNS
    30      1   -12.4737175875   0.000003825897       0.0005  HHHGHN
    31      1    -9.9327455010   0.000048558296       0.0062  HHRHHH
    32      1    -4.6880366709   0.009204740362       1.1782  IIIIII
    33      2    -6.3341854336   0.001774590772       0.2271  IIIIIL
    34      1    -7.1205344981   0.000808334582       0.1035  IIIIIM
    35      1   -10.6828005957   0.000022936051       0.0029  IILIVI
    36      1   -12.0788846159   0.000005678153       0.0007  IIVTVV
    37      4    -4.1168013907   0.016296557486       2.0860  KKKKKK
    38      1    -9.9604836076   0.000047229890       0.0060  KKKQKE
    39      1   -17.5077934809   0.000000024915       0.0000  KQQREA
    40      1   -13.1403054671   0.000001964436       0.0003  KRRRHK
    41      1   -13.0770958927   0.000002092615       0.0003  KRRRKA
    42      1   -18.4532312272   0.000000009680       0.0000  KRRYKG
    43      1    -6.8753647292   0.001032920834       0.1322  LLLFLL
    44      3    -3.3436722204   0.035307064048       4.5193  LLLLLL
    45      1    -6.2498174498   0.001930806573       0.2471  LLLLLM
    46      1    -7.0985683728   0.000826287012       0.1058  LLLLML
    47      1   -13.3582264601   0.000001579778       0.0002  LLLNLQ
    48      1   -12.4976520147   0.000003735414       0.0005  LLMMLM
    49      1    -8.4402716230   0.000215991474       0.0276  NDDDDD
    50      1   -12.4554618043   0.000003896383       0.0005  NDDDNE
    51      1   -10.0162264517   0.000044669195       0.0057  NNNDDN
    52      1    -9.5885046745   0.000068511792       0.0088  NNNDNK
    53      1    -7.4844804612   0.000561734937       0.0719  NNNDNN
    54      1    -7.9828298050   0.000341272321       0.0437  NNNNDD
    55      1    -7.0978771222   0.000826858381       0.1058  NNNNNK
    56      3    -4.9934781034   0.006782034804       0.8681  NNNNNN
    57      1   -13.8203174875   0.000000995205       0.0001  NNNRSK
    58      1   -12.8535408757   0.000002616846       0.0003  PPAPPN
    59      1    -7.5303880881   0.000536529995       0.0687  PPPPPR
    60      1   -15.6354061910   0.000000162043       0.0000  QQQGSE
    61      1   -11.7538527106   0.000007858988       0.0010  QQQKRK
    62      1    -9.5161673958   0.000073651401       0.0094  QQQQED
    63      1    -6.7168324314   0.001210366066       0.1549  QQQQQK
    64      1    -4.7119727165   0.008987031220       1.1503  QQQQQQ
    65      1   -13.0785746576   0.000002089523       0.0003  RHRRKK
    66      1   -13.7707614699   0.000001045765       0.0001  RRRQKV
    67      1    -6.7070636547   0.001222247802       0.1564  RRRRKR
    68      1    -7.3919815804   0.000616173745       0.0789  RRRRRH
    69      1    -5.7942938516   0.003044879805       0.3897  RRRRRK
    70      1   -10.6916628967   0.000022733683       0.0029  RRRRTS
    71      1    -9.6397694301   0.000065088060       0.0083  SNSSSS
    72      1   -14.8846115102   0.000000343317       0.0000  SSRRSR
    73      1   -10.3672666537   0.000031445123       0.0040  SSRSSS
    74      1   -12.0330448216   0.000005944496       0.0008  SSSPSM
    75      1    -6.5953019493   0.001366774152       0.1749  SSSSSN
    76      3    -4.7199976195   0.008915199771       1.1411  SSSSSS
    77      1   -13.5323659644   0.000001327297       0.0002  TTTRTF
    78      1    -7.5789921596   0.000511076047       0.0654  TTTTTK
    79      1    -6.1977913472   0.002033917898       0.2603  TTTTTS
    80      1    -4.7366557752   0.008767919103       1.1223  TTTTTT
    81      1   -15.0254769743   0.000000298207       0.0000  VIIVVY
    82      1   -12.6772290348   0.000003121400       0.0004  VVMVLV
    83      1    -7.4421631232   0.000586016200       0.0750  VVVIVI
    84      1    -8.1840674058   0.000279064560       0.0357  VVVIVL
    85      1   -13.1420942716   0.000001960925       0.0003  VVVKVS
    86      1    -9.1211475330   0.000109329147       0.0140  VVVLVL
    87      1    -6.3607613821   0.001728050504       0.2212  VVVVIV
    88      1    -7.7216178768   0.000443143073       0.0567  VVVVLL
    89      1    -8.6980005645   0.000166919222       0.0214  VVVVVK
    90      1    -4.4324005443   0.011885922714       1.5214  VVVVVV
    91      1   -15.9416112820   0.000000119302       0.0000  WWWHWY
    92      4    -4.7126725738   0.008980743780       1.1495  WWWWWW
    93      1   -10.8648895930   0.000019117822       0.0024  YYYYWW
    94      2    -6.3130422071   0.001812510810       0.2320  YYYYYF
    95      1    -9.1366626955   0.000107645978       0.0138  YYYYYG
    96      2    -4.3177514027   0.013329823273       1.7062  YYYYYY