

TREE # 1

  0  0.0000   1149.801026  x:  0.06050   0.03964   0.05150   0.06060   0.03652   0.04700   0.09152   0.09983   0.05265  
  1 99.0000   1047.519397  x:  0.07141   0.01258   0.09187   0.02904   0.08633   0.29709   0.12854   0.21649   0.54043  
  2 886.8854   1045.508823  x:  0.02781   0.04188   0.08254   0.04048   0.06691   0.29211   0.12014   0.22092   0.55465  
  3 75.9459   1044.750287  x:  0.00578   0.03449   0.07889   0.03741   0.05817   0.28824   0.11530   0.22322   0.55924  
  4 85.5234   1044.679238  x:  0.00808   0.03210   0.07587   0.04179   0.05925   0.27667   0.10811   0.23096   0.56431  
  5  8.1921   1044.646584  x:  0.00952   0.03350   0.07679   0.03800   0.05942   0.26971   0.10396   0.23544   0.56692  
  6 13.5279   1044.644214  x:  0.00950   0.03341   0.07837   0.03834   0.05905   0.26918   0.10377   0.23606   0.56699  
  7  2.6513   1044.637814  x:  0.00887   0.03336   0.07833   0.03816   0.05965   0.27016   0.10535   0.24076   0.56529  
  8  0.4340   1044.627489  x:  0.01001   0.03292   0.07782   0.03788   0.05721   0.27233   0.10398   0.24340   0.56406  
  9  1.5157   1044.583518  x:  0.00969   0.03150   0.07887   0.03740   0.05972   0.27939   0.09490   0.24738   0.56053  
 10  4.0638   1044.295201  x:  0.01118   0.02010   0.08070   0.03369   0.06257   0.27638   0.10392   0.23997   0.56672  
 11  1.1789   1044.194860  x:  0.01360   0.02290   0.08300   0.03178   0.06677   0.27804   0.11280   0.23256   0.58440  
 12  0.0095   1044.016113  x:  0.01008   0.01890   0.08168   0.03456   0.06624   0.28401   0.11129   0.23604   0.62951  
 13  0.0175   1043.994516  x:  0.00937   0.02102   0.08150   0.03322   0.06466   0.28832   0.10726   0.24052   0.63369  
 14  0.0093   1043.993926  x:  0.00978   0.02088   0.08162   0.03342   0.06466   0.28927   0.10675   0.24102   0.63376  
 15  0.0014   1043.993916  x:  0.00978   0.02084   0.08163   0.03338   0.06463   0.28927   0.10667   0.24101   0.63382  
 16  0.0001   1043.993916  x:  0.00978   0.02084   0.08162   0.03339   0.06462   0.28925   0.10667   0.24100   0.63383  
 17  0.0000   1043.993916  x:  0.00978   0.02084   0.08162   0.03339   0.06462   0.28925   0.10667   0.24100   0.63383  
 18  0.0000   1043.993916  x:  0.00978   0.02084   0.08162   0.03339   0.06462   0.28925   0.10667   0.24100   0.63383  
 19  0.0000   1043.993916  x:  0.00978   0.02084   0.08162   0.03339   0.06462   0.28925   0.10667   0.24100   0.63383  